#time	SFR	[Msun/yr]
2.5	0.0000e+00
7.5	0.0000e+00
12.5	0.0000e+00
17.5	1.6106e-04
22.5	1.4404e-01
27.5	5.1488e-01
32.5	9.1288e-01
37.5	1.0923e+00
42.5	1.3178e+00
47.5	1.8000e+00
52.5	1.6265e+00
57.5	1.9097e+00
62.5	2.1203e+00
67.5	1.9048e+00
72.5	1.5304e+00
77.5	1.3922e+00
82.5	1.3243e+00
87.5	1.1056e+00
92.5	9.8966e-01
97.5	9.1898e-01
102.5	8.1445e-01
107.5	7.8988e-01
112.5	9.2375e-01
117.5	1.1616e+00
122.5	1.4087e+00
127.5	1.5651e+00
132.5	1.6720e+00
137.5	1.6585e+00
142.5	1.5587e+00
147.5	1.6628e+00
152.5	1.6078e+00
157.5	1.6059e+00
162.5	1.5787e+00
167.5	1.6860e+00
172.5	1.6360e+00
177.5	1.6544e+00
182.5	1.6468e+00
187.5	1.7316e+00
192.5	1.7835e+00
197.5	1.9209e+00
202.5	1.8765e+00
207.5	1.8815e+00
212.5	1.8676e+00
217.5	2.0065e+00
222.5	2.0399e+00
227.5	2.1924e+00
232.5	2.2221e+00
237.5	2.3309e+00
242.5	2.2962e+00
247.5	2.3193e+00
252.5	2.1742e+00
257.5	2.2169e+00
262.5	2.1762e+00
267.5	2.3716e+00
272.5	2.4122e+00
277.5	2.5089e+00
282.5	2.4116e+00
287.5	2.3849e+00
292.5	2.2232e+00
297.5	2.2211e+00
302.5	2.1230e+00
307.5	2.1379e+00
312.5	2.0860e+00
317.5	2.2010e+00
322.5	2.1786e+00
327.5	2.2632e+00
332.5	2.2408e+00
337.5	2.3216e+00
342.5	2.3076e+00
347.5	2.3658e+00
352.5	2.3126e+00
357.5	2.3151e+00
362.5	2.3540e+00
367.5	2.3580e+00
372.5	2.2794e+00
377.5	2.2218e+00
382.5	2.1844e+00
387.5	2.1729e+00
392.5	2.1541e+00
397.5	2.1751e+00
402.5	2.2045e+00
407.5	2.2809e+00
412.5	2.3082e+00
417.5	2.3174e+00
422.5	2.3530e+00
427.5	2.2990e+00
432.5	2.2888e+00
437.5	2.1966e+00
442.5	2.2124e+00
447.5	2.2061e+00
452.5	2.1705e+00
457.5	2.1781e+00
462.5	2.1642e+00
467.5	2.0945e+00
472.5	2.0361e+00
477.5	2.0675e+00
482.5	2.1218e+00
487.5	2.1392e+00
492.5	2.0672e+00
497.5	2.1195e+00
502.5	2.2198e+00
507.5	2.3101e+00
512.5	2.2191e+00
517.5	2.1720e+00
522.5	2.1512e+00
527.5	2.1787e+00
532.5	2.1770e+00
537.5	2.1946e+00
542.5	2.1794e+00
547.5	2.1071e+00
552.5	2.1680e+00
557.5	2.1913e+00
562.5	2.1487e+00
567.5	2.0440e+00
572.5	2.0558e+00
577.5	2.0881e+00
582.5	2.1774e+00
587.5	2.2519e+00
592.5	2.3146e+00
597.5	2.3277e+00
602.5	2.3319e+00
607.5	2.2637e+00
612.5	2.2238e+00
617.5	2.0719e+00
622.5	2.1408e+00
627.5	2.1809e+00
632.5	2.1610e+00
637.5	2.1663e+00
642.5	2.1356e+00
647.5	2.2078e+00
652.5	2.2232e+00
657.5	2.2427e+00
662.5	2.2140e+00
667.5	2.2850e+00
672.5	2.3066e+00
677.5	2.2372e+00
682.5	2.1574e+00
687.5	2.1709e+00
692.5	2.1381e+00
697.5	2.0940e+00
702.5	2.1019e+00
707.5	2.0900e+00
712.5	2.0900e+00
717.5	2.1355e+00
722.5	2.1215e+00
727.5	2.0871e+00
732.5	2.0270e+00
737.5	1.9693e+00
742.5	2.0172e+00
747.5	2.0384e+00
752.5	2.1130e+00
757.5	2.1050e+00
762.5	2.0985e+00
767.5	2.0227e+00
772.5	2.0221e+00
777.5	2.0375e+00
782.5	2.0848e+00
787.5	2.1424e+00
792.5	2.1564e+00
797.5	2.1379e+00
802.5	2.1487e+00
807.5	2.1286e+00
812.5	2.1048e+00
817.5	2.0951e+00
822.5	2.0935e+00
827.5	2.0215e+00
832.5	2.0115e+00
837.5	2.0475e+00
842.5	2.0570e+00
847.5	2.1073e+00
852.5	2.0462e+00
857.5	2.0579e+00
862.5	2.0813e+00
867.5	2.1137e+00
872.5	1.9847e+00
877.5	1.9957e+00
882.5	1.9660e+00
887.5	1.8670e+00
892.5	1.8116e+00
897.5	1.8113e+00
902.5	1.8506e+00
907.5	1.8684e+00
912.5	1.8206e+00
917.5	1.8948e+00
922.5	1.9047e+00
927.5	1.9160e+00
932.5	1.9487e+00
937.5	2.0084e+00
942.5	2.0324e+00
947.5	2.0463e+00
952.5	2.0065e+00
957.5	1.8964e+00
962.5	1.8642e+00
967.5	1.8196e+00
972.5	1.8277e+00
977.5	1.7908e+00
982.5	1.7855e+00
987.5	1.7348e+00
992.5	1.7320e+00
997.5	1.8360e+00
1002.5	1.8902e+00
1007.5	1.9057e+00
1012.5	1.9222e+00
1017.5	1.9349e+00
1022.5	1.9331e+00
1027.5	1.9418e+00
1032.5	1.9606e+00
1037.5	1.9255e+00
1042.5	1.9172e+00
1047.5	1.9842e+00
1052.5	2.0162e+00
1057.5	2.0475e+00
1062.5	1.9834e+00
1067.5	1.8833e+00
1072.5	1.7844e+00
1077.5	1.7585e+00
1082.5	1.7728e+00
1087.5	1.7791e+00
1092.5	1.7556e+00
1097.5	1.8179e+00
1102.5	1.8273e+00
1107.5	1.8478e+00
1112.5	1.8375e+00
1117.5	1.8271e+00
1122.5	1.8560e+00
1127.5	1.8413e+00
1132.5	1.8485e+00
1137.5	1.7841e+00
1142.5	1.8161e+00
1147.5	1.8869e+00
1152.5	1.8812e+00
1157.5	1.8932e+00
1162.5	1.9669e+00
1167.5	2.0067e+00
1172.5	2.0613e+00
1177.5	2.0520e+00
1182.5	2.0169e+00
1187.5	1.9783e+00
1192.5	1.9705e+00
1197.5	1.8911e+00
1202.5	1.9226e+00
1207.5	1.9218e+00
1212.5	1.8840e+00
1217.5	1.8469e+00
1222.5	1.8850e+00
1227.5	1.9165e+00
1232.5	1.8773e+00
1237.5	1.9486e+00
1242.5	1.9893e+00
1247.5	1.8933e+00
1252.5	1.8548e+00
1257.5	1.8444e+00
1262.5	1.8513e+00
1267.5	1.8720e+00
1272.5	1.8949e+00
1277.5	1.8672e+00
1282.5	1.7816e+00
1287.5	1.7905e+00
1292.5	1.7605e+00
1297.5	1.7212e+00
1302.5	1.7029e+00
1307.5	1.7058e+00
1312.5	1.7873e+00
1317.5	1.9048e+00
1322.5	1.9386e+00
1327.5	1.8766e+00
1332.5	1.9596e+00
1337.5	1.9448e+00
1342.5	1.9815e+00
1347.5	2.0920e+00
1352.5	2.1229e+00
1357.5	2.2111e+00